Chi-square test: binned location vs CAASP score

chi2 = 5119.284697590099
p_value = 6.26386241453317e-12
dof = 4450
